# Train       
326291.781250 
236930.625000 
175902.421875 
138219.203125 
114866.156250 
100912.890625 
93126.500000 
88846.562500 
87512.171875 
87137.968750 
88707.242188 
90195.695312 
91884.445312 
91127.648438 
91429.898438 
90997.601562 
91710.007812 
92102.914062 
92129.546875 
90671.382812 
90479.070312 
90271.578125 
90406.515625 
89828.281250 
89345.265625 
88880.093750 
88092.851562 
87483.281250 
87452.109375 
86922.062500 
86395.765625 
85591.750000 
85296.257812 
84972.945312 
84614.968750 
84074.156250 
83649.453125 
83828.312500 
83811.867188 
83582.421875 
83364.101562 
82527.992188 
82551.882812 
82385.625000 
82026.523438 
81585.601562 
81946.640625 
81982.343750 
81646.625000 
81473.078125 
80452.460938 
80063.359375 
79525.906250 
79257.812500 
79316.515625 
79682.671875 
79130.921875 
78846.085938 
79670.335938 
79312.851562 
79581.242188 
79121.625000 
79460.070312 
79510.085938 
79758.835938 
79995.203125 
79126.781250 
78730.617188 
78158.273438 
78520.476562 
78284.687500 
77815.320312 
77247.289062 
76947.601562 
76663.179688 
77046.101562 
76734.867188 
76921.015625 
76379.812500 
77048.718750 
77150.953125 
77306.335938 
77197.687500 
77933.507812 
77419.960938 
75951.859375 
75519.289062 
75610.437500 
75308.304688 
75898.609375 
75771.593750 
75397.343750 
75313.960938 
75137.062500 
75506.570312 
74370.671875 
74549.593750 
74336.195312 
75112.890625 
74939.960938 
